16,16
................
.@@.@@.@@.@@.@@.
.@@.@@.@@.@@.@@.
................
.@@.@@.@@.@@.@@.
.@@.@@.@@.@@.@@.
................
.@@.@@.@@.@@.@@.
.@@.@@.@@.@@.@@.
................
.@@.@@.@@.@@.@@.
.@@.@@.@@.@@.@@.
................
.@@.@@.@@.@@.@@.
.@@.@@.@@.@@.@@.
................
New:
64
0,151,105
0,71,12
1,100,11
1,100,12
2,21,12
4,27,22
6,7,143
7,6,133
10,2,146
12,106,105
12,6,56
13,6,28
13,49,142
15,151,11
16,100,139
16,7,22
17,55,145
17,2,22
19,153,99
21,4,16
21,1,143
21,150,9
23,71,13
23,7,99
29,134,146
29,78,105
31,77,56
31,100,11
33,154,111
39,152,72
40,148,72
41,106,83
41,4,141
42,6,50
44,77,9
50,43,14
53,55,144
53,112,139
53,6,141
54,77,28
56,5,50
57,1,145
58,148,16
60,153,44
62,149,139
63,49,142
65,148,111
67,149,14
68,134,99
70,6,141
71,134,143
74,77,143
74,43,145
76,1,144
82,5,147
83,128,13
83,128,111
83,71,22
84,134,14
87,27,16
88,151,44
90,6,145
99,128,12
99,6,28
