16,16
................
.@@.@@.@@.@@.@@.
.@@.@@.@@.@@.@@.
................
.@@.@@.@@.@@.@@.
.@@.@@.@@.@@.@@.
................
.@@.@@.@@.@@.@@.
.@@.@@.@@.@@.@@.
................
.@@.@@.@@.@@.@@.
.@@.@@.@@.@@.@@.
................
.@@.@@.@@.@@.@@.
.@@.@@.@@.@@.@@.
................
New:
60
0,154,12
0,149,13
0,151,72
2,4,28
3,150,56
8,128,146
10,106,142
10,7,141
15,100,142
24,149,111
24,77,28
25,148,72
28,5,145
36,3,105
36,2,44
37,149,8
38,128,127
39,43,44
40,152,105
40,5,56
41,49,72
42,112,139
42,78,8
45,128,146
46,6,50
47,106,99
50,5,111
52,148,105
52,2,50
55,4,143
56,151,10
57,152,16
59,152,56
62,4,143
63,6,127
65,112,144
67,134,142
75,152,139
76,5,142
76,5,144
77,1,99
78,100,105
79,134,147
79,106,141
80,3,16
82,5,72
82,78,147
83,2,56
83,106,111
83,149,44
84,4,72
85,100,105
86,2,99
88,134,83
91,100,147
92,152,72
94,27,11
95,151,14
99,7,44
99,128,99
