16,16
................
.@@.@@.@@.@@.@@.
.@@.@@.@@.@@.@@.
................
.@@.@@.@@.@@.@@.
.@@.@@.@@.@@.@@.
................
.@@.@@.@@.@@.@@.
.@@.@@.@@.@@.@@.
................
.@@.@@.@@.@@.@@.
.@@.@@.@@.@@.@@.
................
.@@.@@.@@.@@.@@.
.@@.@@.@@.@@.@@.
................
New:
70
1,49,141
1,134,12
2,1,147
2,128,11
4,77,9
4,55,12
4,150,133
5,128,144
6,55,44
7,112,13
9,134,105
9,55,11
10,153,56
10,148,50
14,2,111
17,154,50
17,106,111
19,43,146
20,149,11
22,4,147
24,7,147
27,153,8
27,151,28
29,55,10
33,148,11
34,4,141
37,77,147
40,49,28
41,106,127
41,2,147
42,106,11
46,128,8
48,27,22
51,112,10
52,152,16
53,84,12
53,6,105
54,43,28
57,1,111
58,4,111
58,55,144
61,55,72
62,5,141
64,151,16
68,151,139
68,112,145
69,27,12
71,153,139
73,55,16
74,134,14
75,27,16
79,49,28
79,4,141
79,100,14
79,154,139
79,49,14
80,49,14
80,43,72
82,148,56
84,21,72
84,5,22
86,2,145
87,151,10
88,153,16
88,106,10
91,151,50
95,49,142
95,151,72
97,84,105
99,7,72
