16,16
................
.@@.@@.@@.@@.@@.
.@@.@@.@@.@@.@@.
................
.@@.@@.@@.@@.@@.
.@@.@@.@@.@@.@@.
................
.@@.@@.@@.@@.@@.
.@@.@@.@@.@@.@@.
................
.@@.@@.@@.@@.@@.
.@@.@@.@@.@@.@@.
................
.@@.@@.@@.@@.@@.
.@@.@@.@@.@@.@@.
................
New:
66
2,134,83
5,151,14
8,4,143
8,2,50
10,128,146
11,4,143
12,7,50
13,128,127
14,77,28
20,3,16
21,5,145
24,7,44
24,134,147
28,128,99
28,106,141
30,151,10
32,43,44
33,149,44
33,106,99
35,3,105
36,5,72
36,151,72
38,100,105
38,152,56
39,49,72
41,106,142
42,148,105
42,152,105
43,7,141
44,2,99
44,6,127
45,134,142
46,2,56
47,5,144
49,4,28
52,78,147
55,5,56
56,152,72
57,1,99
59,7,133
60,149,111
63,27,11
63,152,16
65,149,8
66,2,44
68,4,72
69,21,142
75,112,144
78,148,72
79,154,12
79,149,13
79,78,8
80,106,111
82,100,147
82,134,143
83,100,142
83,5,142
84,112,139
86,6,50
89,128,146
91,152,139
92,5,111
94,152,56
95,150,56
97,106,139
99,100,105
