16,16
................
.@@.@@.@@.@@.@@.
.@@.@@.@@.@@.@@.
................
.@@.@@.@@.@@.@@.
.@@.@@.@@.@@.@@.
................
.@@.@@.@@.@@.@@.
.@@.@@.@@.@@.@@.
................
.@@.@@.@@.@@.@@.
.@@.@@.@@.@@.@@.
................
.@@.@@.@@.@@.@@.
.@@.@@.@@.@@.@@.
................
New:
62
0,154,8
0,154,50
1,7,83
1,112,99
1,71,141
7,77,50
7,7,145
10,128,11
10,134,9
11,148,9
14,4,105
14,154,127
15,149,13
21,151,9
23,128,105
25,55,13
28,151,105
29,134,9
32,5,127
36,148,9
36,152,72
38,49,141
39,150,50
43,55,72
45,84,144
47,49,14
48,153,44
49,106,13
50,134,147
52,21,28
52,1,141
53,100,139
60,4,105
61,150,50
61,78,147
62,77,143
62,6,111
63,6,127
65,4,139
65,27,146
66,149,50
66,27,50
67,43,141
68,7,146
70,149,133
74,43,147
74,6,56
75,21,147
75,128,9
77,134,139
78,55,11
78,6,56
79,21,145
82,149,105
83,4,143
87,148,83
94,77,16
94,5,28
97,150,72
98,43,11
98,148,12
99,3,50
