16,16
................
.@@.@@.@@.@@.@@.
.@@.@@.@@.@@.@@.
................
.@@.@@.@@.@@.@@.
.@@.@@.@@.@@.@@.
................
.@@.@@.@@.@@.@@.
.@@.@@.@@.@@.@@.
................
.@@.@@.@@.@@.@@.
.@@.@@.@@.@@.@@.
................
.@@.@@.@@.@@.@@.
.@@.@@.@@.@@.@@.
................
New:
70
0,150,72
0,84,14
1,112,127
3,150,14
4,134,142
4,151,56
5,154,9
5,148,14
7,71,10
9,151,72
10,4,22
13,153,13
15,148,16
19,78,139
20,154,11
21,7,145
21,5,83
23,112,142
23,5,139
26,71,147
27,148,133
29,112,142
32,153,44
39,21,8
41,27,16
42,112,127
46,154,111
48,150,127
48,154,28
49,71,13
50,4,28
51,154,133
53,148,13
58,1,72
62,153,50
62,55,146
71,5,105
71,49,56
71,78,133
72,7,147
72,149,133
72,1,145
73,148,28
73,77,141
74,112,147
74,55,9
75,55,147
75,43,143
76,55,12
77,49,44
79,2,144
79,151,16
80,153,139
81,128,139
81,4,44
83,151,11
84,77,16
84,152,139
85,71,22
86,152,16
86,5,144
88,78,145
88,134,133
88,1,143
91,128,146
91,77,141
91,112,133
91,6,141
95,154,50
99,27,44
