16,16
................
.@@.@@.@@.@@.@@.
.@@.@@.@@.@@.@@.
................
.@@.@@.@@.@@.@@.
.@@.@@.@@.@@.@@.
................
.@@.@@.@@.@@.@@.
.@@.@@.@@.@@.@@.
................
.@@.@@.@@.@@.@@.
.@@.@@.@@.@@.@@.
................
.@@.@@.@@.@@.@@.
.@@.@@.@@.@@.@@.
................
New:
64
1,112,83
1,152,16
2,2,16
2,55,147
3,149,8
3,71,146
3,154,8
4,55,8
6,1,22
7,2,145
7,128,9
11,7,146
11,55,11
13,71,8
17,43,142
18,78,144
20,149,72
22,150,10
28,84,145
30,77,16
30,43,141
33,6,99
34,78,13
34,2,105
34,7,72
34,2,50
34,6,133
35,3,143
35,100,14
38,151,50
39,21,147
40,148,133
44,71,50
46,2,99
48,5,141
50,7,145
51,4,145
53,78,127
56,148,105
57,3,72
61,6,28
63,149,8
65,1,139
65,106,144
66,55,22
66,43,72
70,7,142
71,112,111
72,154,83
75,21,22
76,106,9
77,27,11
78,152,10
78,43,10
82,7,72
83,4,146
83,149,44
84,43,22
88,152,99
89,7,147
94,4,56
96,128,145
97,112,12
97,112,143
