16,16
................
.@@.@@.@@.@@.@@.
.@@.@@.@@.@@.@@.
................
.@@.@@.@@.@@.@@.
.@@.@@.@@.@@.@@.
................
.@@.@@.@@.@@.@@.
.@@.@@.@@.@@.@@.
................
.@@.@@.@@.@@.@@.
.@@.@@.@@.@@.@@.
................
.@@.@@.@@.@@.@@.
.@@.@@.@@.@@.@@.
................
New:
66
0,4,16
0,2,22
1,152,72
1,128,13
2,1,144
2,153,99
4,77,9
6,151,44
7,149,139
10,154,111
11,134,14
11,71,12
12,21,11
12,134,99
13,77,56
13,148,16
14,7,143
15,5,147
16,134,143
16,1,143
17,148,111
19,6,133
19,49,143
21,153,44
21,77,28
23,6,28
23,100,139
23,106,12
29,6,50
29,21,12
29,5,50
29,1,16
33,151,105
41,49,142
42,100,12
50,100,11
50,151,11
52,150,9
52,7,22
53,149,14
54,27,16
56,6,141
56,71,22
58,134,146
60,112,139
62,55,145
65,77,143
66,43,145
67,49,142
68,27,22
70,6,28
71,71,13
71,4,141
74,43,14
76,100,11
77,6,56
81,6,141
82,106,105
83,128,111
83,2,146
84,7,99
87,128,12
88,148,72
90,71,22
95,6,145
95,78,105
