16,16
................
.@@.@@.@@.@@.@@.
.@@.@@.@@.@@.@@.
................
.@@.@@.@@.@@.@@.
.@@.@@.@@.@@.@@.
................
.@@.@@.@@.@@.@@.
.@@.@@.@@.@@.@@.
................
.@@.@@.@@.@@.@@.
.@@.@@.@@.@@.@@.
................
.@@.@@.@@.@@.@@.
.@@.@@.@@.@@.@@.
................
New:
60
0,128,13
12,2,72
12,77,143
12,49,142
14,153,44
15,77,56
16,77,9
17,21,12
20,27,14
20,1,143
21,6,50
23,152,72
23,71,13
24,100,12
24,149,139
26,1,144
28,2,147
28,148,16
29,7,143
31,6,145
32,100,11
33,148,72
34,106,105
34,27,22
37,152,10
38,151,105
38,27,16
39,6,28
39,6,141
41,43,14
44,2,22
46,128,111
48,100,11
48,149,14
49,6,28
52,134,143
53,7,99
53,49,142
57,154,111
57,134,99
60,148,111
63,2,146
64,77,28
69,134,146
71,5,50
74,5,50
75,43,56
83,100,139
83,151,11
84,153,12
88,153,10
88,71,22
88,151,44
89,55,145
90,71,44
91,49,11
93,78,144
97,6,141
97,5,147
99,6,133
