16,16
................
.@@.@@.@@.@@.@@.
.@@.@@.@@.@@.@@.
................
.@@.@@.@@.@@.@@.
.@@.@@.@@.@@.@@.
................
.@@.@@.@@.@@.@@.
.@@.@@.@@.@@.@@.
................
.@@.@@.@@.@@.@@.
.@@.@@.@@.@@.@@.
................
.@@.@@.@@.@@.@@.
.@@.@@.@@.@@.@@.
................
New:
68
0,5,139
0,78,139
3,151,16
4,150,127
6,106,127
7,71,147
8,148,28
9,153,139
12,134,142
13,5,105
15,55,146
19,134,146
19,71,13
21,27,44
23,2,144
23,71,22
23,151,56
27,154,11
29,1,72
32,151,72
35,152,16
42,55,9
46,49,147
46,27,16
48,49,56
49,43,143
50,153,13
50,7,145
50,149,133
51,112,127
56,77,16
58,49,44
60,134,133
62,148,16
66,153,50
70,71,22
71,112,133
72,55,12
72,4,22
73,4,28
74,154,133
74,7,147
75,71,10
75,77,141
76,77,141
78,112,142
79,5,144
79,151,11
80,154,9
81,4,44
81,153,44
84,128,139
84,148,133
85,112,127
86,84,14
86,5,83
87,112,147
88,112,142
88,150,72
88,1,143
88,154,111
91,55,147
91,21,8
91,148,13
93,150,14
95,6,111
96,152,139
99,154,50
