16,16
................
.@@.@@.@@.@@.@@.
.@@.@@.@@.@@.@@.
................
.@@.@@.@@.@@.@@.
.@@.@@.@@.@@.@@.
................
.@@.@@.@@.@@.@@.
.@@.@@.@@.@@.@@.
................
.@@.@@.@@.@@.@@.
.@@.@@.@@.@@.@@.
................
.@@.@@.@@.@@.@@.
.@@.@@.@@.@@.@@.
................
New:
66
2,4,22
3,1,99
7,152,105
7,7,147
11,7,146
13,3,139
14,1,22
15,78,127
16,128,9
17,84,111
18,21,22
18,100,14
21,6,28
24,43,141
24,154,8
28,3,142
30,106,127
33,151,50
33,55,8
34,149,72
34,106,147
37,2,16
38,149,44
39,152,50
42,154,83
43,152,99
43,150,16
46,152,13
47,7,145
48,149,8
49,4,147
50,2,50
50,71,50
51,4,56
52,149,8
53,6,99
54,5,141
55,112,143
55,78,144
58,55,22
59,43,22
60,3,72
62,106,147
63,112,12
64,112,133
66,7,72
67,71,146
70,55,147
76,4,146
76,152,16
77,55,11
77,4,145
79,128,145
83,112,83
83,6,133
83,5,143
84,148,105
84,3,143
85,71,8
87,21,147
89,43,72
90,148,133
90,106,144
92,7,142
94,43,142
96,106,9
