16,16
................
.@@.@@.@@.@@.@@.
.@@.@@.@@.@@.@@.
................
.@@.@@.@@.@@.@@.
.@@.@@.@@.@@.@@.
................
.@@.@@.@@.@@.@@.
.@@.@@.@@.@@.@@.
................
.@@.@@.@@.@@.@@.
.@@.@@.@@.@@.@@.
................
.@@.@@.@@.@@.@@.
.@@.@@.@@.@@.@@.
................
New:
68
1,84,11
1,106,147
2,153,139
3,55,11
5,49,141
6,148,14
7,151,50
7,154,99
9,149,99
12,134,11
16,154,12
16,128,12
17,43,72
18,71,145
22,1,142
23,148,111
26,100,10
29,77,10
31,154,127
34,154,14
34,55,56
34,106,13
35,150,105
35,78,83
36,128,83
36,77,143
41,128,14
42,43,145
46,106,9
47,27,147
47,3,111
49,55,12
51,71,14
52,43,147
56,3,83
56,149,127
56,106,111
57,5,99
57,27,28
59,7,16
60,77,147
62,128,14
68,3,139
69,5,44
69,153,10
70,150,16
71,106,11
71,134,8
79,153,44
79,149,8
82,106,8
82,134,12
82,21,16
83,128,111
86,128,9
87,7,139
88,43,143
89,153,99
92,3,56
92,78,143
94,77,12
95,128,145
95,150,56
96,153,139
98,134,12
99,49,141
99,78,12
99,5,142
