16,16
................
.@@.@@.@@.@@.@@.
.@@.@@.@@.@@.@@.
................
.@@.@@.@@.@@.@@.
.@@.@@.@@.@@.@@.
................
.@@.@@.@@.@@.@@.
.@@.@@.@@.@@.@@.
................
.@@.@@.@@.@@.@@.
.@@.@@.@@.@@.@@.
................
.@@.@@.@@.@@.@@.
.@@.@@.@@.@@.@@.
................
New:
70
1,106,11
1,154,127
1,43,143
3,78,83
5,55,56
6,5,44
7,134,12
7,1,142
9,3,83
12,106,8
15,154,99
16,148,14
16,106,147
17,78,12
17,153,10
17,3,139
18,77,10
22,106,9
22,106,143
26,149,99
29,7,139
31,100,10
34,150,56
34,7,16
34,134,12
35,5,142
36,128,9
36,153,139
42,148,111
42,149,8
46,84,11
47,71,14
47,71,145
49,78,143
51,150,105
52,154,14
55,2,127
56,5,99
56,77,12
56,128,14
57,154,12
58,21,16
59,106,111
60,153,99
62,149,127
64,55,11
68,106,13
69,27,147
69,128,12
69,49,141
70,55,12
71,49,141
71,150,16
71,27,28
79,151,50
79,43,72
82,43,145
82,134,8
82,77,143
87,3,56
88,153,44
89,128,145
92,128,111
95,128,14
95,153,139
96,134,11
98,77,147
99,128,83
99,43,147
99,3,111
