16,16
................
.@@.@@.@@.@@.@@.
.@@.@@.@@.@@.@@.
................
.@@.@@.@@.@@.@@.
.@@.@@.@@.@@.@@.
................
.@@.@@.@@.@@.@@.
.@@.@@.@@.@@.@@.
................
.@@.@@.@@.@@.@@.
.@@.@@.@@.@@.@@.
................
.@@.@@.@@.@@.@@.
.@@.@@.@@.@@.@@.
................
New:
68
1,27,72
2,3,50
2,1,22
2,55,12
4,2,142
6,149,83
7,78,105
8,78,141
8,152,44
12,6,22
13,1,144
15,154,56
16,71,28
17,150,105
18,78,141
19,49,72
23,153,127
25,27,8
28,84,146
28,106,83
30,154,111
34,5,44
35,4,141
36,153,50
37,149,8
37,150,28
38,27,72
40,152,8
40,4,44
42,112,9
47,112,127
50,21,10
51,149,12
53,151,127
55,6,44
55,106,144
55,151,22
57,1,105
58,43,16
60,134,99
61,43,145
62,154,9
65,78,143
66,43,8
67,21,9
70,78,99
73,84,145
74,106,144
74,150,105
75,71,145
78,1,44
79,149,8
83,151,111
83,4,145
84,154,83
85,84,146
85,84,139
87,84,145
90,152,56
90,112,141
91,148,111
92,149,8
93,43,72
94,71,142
94,134,105
96,134,14
98,128,141
99,77,22
