16,16
................
.@@.@@.@@.@@.@@.
.@@.@@.@@.@@.@@.
................
.@@.@@.@@.@@.@@.
.@@.@@.@@.@@.@@.
................
.@@.@@.@@.@@.@@.
.@@.@@.@@.@@.@@.
................
.@@.@@.@@.@@.@@.
.@@.@@.@@.@@.@@.
................
.@@.@@.@@.@@.@@.
.@@.@@.@@.@@.@@.
................
New:
68
0,148,99
1,55,12
2,149,8
2,154,9
5,27,14
5,6,127
6,77,9
9,154,83
11,112,9
13,2,99
14,1,146
18,112,143
19,134,12
21,152,28
21,21,13
23,152,16
27,3,111
28,5,105
28,84,13
29,3,22
30,148,22
30,71,44
30,55,22
30,148,105
31,49,16
34,1,146
35,49,16
35,154,16
35,84,146
36,148,10
41,112,141
44,71,44
49,152,9
49,78,13
49,2,142
50,112,12
52,1,99
53,100,141
55,149,83
55,77,72
55,153,22
57,134,8
58,1,147
59,27,14
60,7,99
60,71,44
60,151,12
63,112,139
69,154,139
70,134,147
70,6,105
70,55,142
71,78,127
72,4,99
75,77,72
80,134,111
80,148,22
80,100,99
81,21,142
81,7,50
85,153,13
86,3,141
86,5,16
90,106,139
91,134,147
92,43,147
97,7,141
98,150,139
