16,16
................
.@@.@@.@@.@@.@@.
.@@.@@.@@.@@.@@.
................
.@@.@@.@@.@@.@@.
.@@.@@.@@.@@.@@.
................
.@@.@@.@@.@@.@@.
.@@.@@.@@.@@.@@.
................
.@@.@@.@@.@@.@@.
.@@.@@.@@.@@.@@.
................
.@@.@@.@@.@@.@@.
.@@.@@.@@.@@.@@.
................
New:
62
0,2,22
1,7,143
1,5,50
4,100,139
12,77,72
12,7,111
12,49,142
13,21,12
14,152,72
17,5,147
20,100,11
21,148,111
23,4,145
23,7,99
24,77,143
24,128,111
26,106,105
28,49,142
29,154,111
31,1,144
31,43,14
32,3,146
33,3,16
34,112,139
34,128,13
38,77,9
38,77,56
39,151,12
39,151,44
40,6,50
41,148,16
44,134,143
46,2,99
48,134,146
48,148,72
49,55,145
52,6,28
53,149,139
53,149,14
57,27,22
57,100,12
58,2,146
60,71,13
60,6,141
62,151,11
63,134,99
64,6,28
65,150,9
67,6,56
69,77,13
71,134,14
74,77,28
83,6,141
83,1,143
83,7,22
87,6,145
88,100,11
88,151,105
97,27,16
97,153,44
99,71,22
99,6,133
