16,16
................
.@@.@@.@@.@@.@@.
.@@.@@.@@.@@.@@.
................
.@@.@@.@@.@@.@@.
.@@.@@.@@.@@.@@.
................
.@@.@@.@@.@@.@@.
.@@.@@.@@.@@.@@.
................
.@@.@@.@@.@@.@@.
.@@.@@.@@.@@.@@.
................
.@@.@@.@@.@@.@@.
.@@.@@.@@.@@.@@.
................
New:
66
1,71,141
3,100,139
4,153,44
5,84,141
6,148,9
9,151,9
10,149,133
12,4,105
13,134,145
14,4,105
16,71,141
17,77,8
20,49,14
20,154,14
20,149,72
21,84,144
21,78,147
23,78,139
26,128,105
26,6,56
28,154,127
28,150,50
31,151,105
33,149,105
35,7,44
36,1,141
36,154,50
38,55,11
40,151,127
42,4,143
43,148,83
43,2,143
45,21,142
46,49,141
46,21,145
47,106,13
49,134,139
50,6,56
50,148,12
51,6,127
52,134,147
53,153,50
57,6,111
59,128,9
59,152,72
70,43,141
74,43,9
74,149,50
74,128,105
76,7,146
76,134,147
76,6,72
78,27,50
83,6,22
84,112,99
84,5,28
84,134,9
84,7,145
87,21,143
89,43,11
89,55,13
92,49,8
92,150,16
93,134,9
94,84,127
96,43,10
