16,16
................
.@@.@@.@@.@@.@@.
.@@.@@.@@.@@.@@.
................
.@@.@@.@@.@@.@@.
.@@.@@.@@.@@.@@.
................
.@@.@@.@@.@@.@@.
.@@.@@.@@.@@.@@.
................
.@@.@@.@@.@@.@@.
.@@.@@.@@.@@.@@.
................
.@@.@@.@@.@@.@@.
.@@.@@.@@.@@.@@.
................
New:
60
1,84,145
1,21,22
2,84,141
2,106,144
3,55,8
5,21,143
5,3,72
6,154,83
10,149,72
13,78,9
13,3,105
15,152,99
16,112,127
17,4,146
20,151,111
22,154,83
23,7,44
24,134,147
24,4,105
24,21,142
24,148,133
25,6,72
25,7,72
25,4,56
26,150,16
27,27,11
28,2,16
31,6,22
32,7,139
33,149,44
34,3,16
35,43,10
36,154,14
38,154,99
38,3,143
44,78,127
44,148,105
45,112,12
49,151,127
49,151,50
50,149,8
51,5,141
56,148,10
61,7,146
62,71,141
63,1,139
65,27,56
68,43,141
70,27,145
71,6,147
72,77,8
72,128,145
73,78,139
76,2,50
79,128,105
84,7,147
87,4,142
94,134,141
95,7,72
99,6,28
