16,16
................
.@@.@@.@@.@@.@@.
.@@.@@.@@.@@.@@.
................
.@@.@@.@@.@@.@@.
.@@.@@.@@.@@.@@.
................
.@@.@@.@@.@@.@@.
.@@.@@.@@.@@.@@.
................
.@@.@@.@@.@@.@@.
.@@.@@.@@.@@.@@.
................
.@@.@@.@@.@@.@@.
.@@.@@.@@.@@.@@.
................
New:
64
0,100,147
0,4,143
2,7,44
3,106,142
5,43,44
8,152,105
8,6,127
10,78,8
11,2,99
14,128,127
21,151,10
24,112,139
24,100,105
28,152,72
28,2,50
32,134,143
33,3,105
33,77,28
35,152,139
36,112,144
36,128,146
38,106,99
39,128,146
40,2,56
41,134,142
42,134,83
42,151,72
43,7,50
44,3,16
45,150,56
46,100,142
47,134,147
49,149,111
52,27,11
55,6,50
56,152,16
57,128,99
60,4,72
63,106,141
63,5,145
65,5,142
66,7,141
68,21,142
75,149,44
76,154,12
77,100,105
78,5,144
79,148,72
79,78,147
79,2,44
80,4,143
82,149,8
82,152,56
83,5,56
83,5,72
84,4,28
86,106,111
89,151,14
91,106,139
92,1,99
94,149,13
95,49,72
99,148,105
99,5,111
