16,16
................
.@@.@@.@@.@@.@@.
.@@.@@.@@.@@.@@.
................
.@@.@@.@@.@@.@@.
.@@.@@.@@.@@.@@.
................
.@@.@@.@@.@@.@@.
.@@.@@.@@.@@.@@.
................
.@@.@@.@@.@@.@@.
.@@.@@.@@.@@.@@.
................
.@@.@@.@@.@@.@@.
.@@.@@.@@.@@.@@.
................
New:
64
0,77,143
0,149,105
1,71,141
3,154,14
4,84,141
6,152,72
9,6,111
10,149,50
13,49,14
13,148,83
14,128,105
25,149,13
28,134,139
28,128,105
28,149,72
30,5,28
31,4,105
36,150,50
38,128,9
38,78,147
41,134,147
42,55,11
42,2,143
45,150,72
45,6,56
46,148,12
47,6,56
49,153,44
49,134,9
49,134,147
50,134,145
51,100,139
52,43,141
53,154,50
59,6,127
61,21,147
62,4,105
62,134,9
63,77,50
63,148,9
63,43,11
67,7,146
70,148,9
70,49,8
74,1,141
74,84,144
75,7,145
76,84,127
78,150,50
78,151,105
78,150,50
80,112,99
83,49,141
84,27,50
84,149,133
85,154,127
89,106,13
90,4,143
92,71,141
96,55,13
97,151,9
97,21,145
98,27,146
98,4,105
