16,16
................
.@@.@@.@@.@@.@@.
.@@.@@.@@.@@.@@.
................
.@@.@@.@@.@@.@@.
.@@.@@.@@.@@.@@.
................
.@@.@@.@@.@@.@@.
.@@.@@.@@.@@.@@.
................
.@@.@@.@@.@@.@@.
.@@.@@.@@.@@.@@.
................
.@@.@@.@@.@@.@@.
.@@.@@.@@.@@.@@.
................
New:
70
0,1,22
2,21,9
2,106,144
2,149,12
4,152,8
6,149,8
6,43,8
7,151,22
12,2,142
16,5,44
17,154,56
19,4,44
19,128,147
21,106,83
24,71,56
25,112,141
28,78,99
34,134,14
35,71,145
36,154,111
38,134,99
38,6,50
40,49,22
41,4,145
42,84,145
42,27,72
42,151,111
44,154,9
45,43,72
48,55,12
51,2,142
51,1,44
52,154,83
53,84,139
55,27,72
58,84,145
62,106,144
63,43,16
64,5,111
65,55,9
66,112,127
67,27,8
69,4,141
69,149,8
70,7,142
71,3,50
74,71,28
78,128,141
79,150,28
82,152,44
82,153,50
82,84,146
83,84,146
83,78,143
84,21,10
85,153,127
85,78,141
88,150,105
88,49,72
89,100,146
90,112,9
90,150,105
93,1,105
93,77,22
94,152,56
94,149,83
94,153,28
95,6,22
98,134,105
99,43,145
