16,16
................
.@@.@@.@@.@@.@@.
.@@.@@.@@.@@.@@.
................
.@@.@@.@@.@@.@@.
.@@.@@.@@.@@.@@.
................
.@@.@@.@@.@@.@@.
.@@.@@.@@.@@.@@.
................
.@@.@@.@@.@@.@@.
.@@.@@.@@.@@.@@.
................
.@@.@@.@@.@@.@@.
.@@.@@.@@.@@.@@.
................
New:
62
0,150,111
0,3,22
1,149,13
6,149,11
6,148,139
7,27,9
10,134,139
10,21,11
13,7,147
16,153,50
17,151,28
18,134,133
18,154,44
19,27,11
20,153,22
24,5,56
24,151,139
24,152,83
27,77,144
29,3,16
34,5,111
34,2,144
37,77,14
42,148,14
44,128,8
46,2,99
47,84,144
48,77,56
50,71,12
50,150,14
51,154,99
53,21,72
57,134,9
57,128,9
58,49,8
58,154,28
58,49,143
58,27,10
61,49,144
61,153,13
63,1,16
64,150,139
67,2,50
69,27,22
69,5,28
70,78,146
71,4,147
72,151,105
73,27,56
77,151,105
77,5,127
77,106,127
81,153,127
85,2,147
87,55,22
90,149,50
93,84,12
94,149,8
96,7,99
97,150,16
98,3,145
99,106,145
