16,16
................
.@@.@@.@@.@@.@@.
.@@.@@.@@.@@.@@.
................
.@@.@@.@@.@@.@@.
.@@.@@.@@.@@.@@.
................
.@@.@@.@@.@@.@@.
.@@.@@.@@.@@.@@.
................
.@@.@@.@@.@@.@@.
.@@.@@.@@.@@.@@.
................
.@@.@@.@@.@@.@@.
.@@.@@.@@.@@.@@.
................
New:
62
0,4,142
0,21,22
1,55,8
1,71,50
2,106,83
9,1,22
11,7,145
13,2,16
15,77,144
15,7,139
18,154,99
20,3,105
21,7,72
22,43,16
27,112,12
28,151,83
29,3,16
30,6,147
30,3,72
33,1,139
36,148,133
36,43,141
37,154,83
38,49,147
39,4,146
42,5,141
43,112,83
44,6,28
44,3,143
45,84,145
46,148,105
46,6,133
48,27,11
52,128,145
52,78,127
54,55,22
57,100,14
59,149,8
61,1,139
61,2,50
63,149,44
65,106,144
65,7,142
67,7,147
68,21,147
72,7,72
74,78,9
74,7,146
74,43,142
77,43,10
78,152,16
82,43,22
84,134,14
87,151,72
90,4,56
92,148,10
92,152,99
93,27,145
93,151,50
94,27,56
97,21,147
99,150,139
