16,16
................
.@@.@@.@@.@@.@@.
.@@.@@.@@.@@.@@.
................
.@@.@@.@@.@@.@@.
.@@.@@.@@.@@.@@.
................
.@@.@@.@@.@@.@@.
.@@.@@.@@.@@.@@.
................
.@@.@@.@@.@@.@@.
.@@.@@.@@.@@.@@.
................
.@@.@@.@@.@@.@@.
.@@.@@.@@.@@.@@.
................
New:
60
0,154,44
1,134,133
6,134,139
6,149,8
6,77,56
9,149,11
10,49,8
10,2,50
10,152,83
15,152,105
16,134,10
16,153,13
17,77,16
17,148,14
18,7,22
19,150,111
20,153,50
20,151,139
21,154,28
24,153,127
24,153,22
26,134,9
30,151,28
30,49,143
32,106,145
33,27,10
34,128,8
36,150,11
36,2,147
37,84,144
39,2,99
42,78,146
42,150,16
43,5,56
46,5,28
50,150,139
51,148,105
57,151,105
57,151,105
58,3,16
58,150,14
58,27,56
58,1,16
61,4,147
64,55,22
67,77,144
69,2,111
69,5,111
69,84,12
70,21,11
72,106,12
73,27,22
75,77,14
82,49,144
85,3,22
87,152,133
90,128,9
95,149,13
98,148,139
99,154,99
