16,16
................
.@@.@@.@@.@@.@@.
.@@.@@.@@.@@.@@.
................
.@@.@@.@@.@@.@@.
.@@.@@.@@.@@.@@.
................
.@@.@@.@@.@@.@@.
.@@.@@.@@.@@.@@.
................
.@@.@@.@@.@@.@@.
.@@.@@.@@.@@.@@.
................
.@@.@@.@@.@@.@@.
.@@.@@.@@.@@.@@.
................
New:
70
0,1,146
2,134,147
2,55,144
6,153,22
7,49,16
8,112,12
8,7,141
9,148,22
9,2,99
11,1,147
13,153,72
14,6,127
16,148,10
16,49,16
16,112,139
16,5,143
19,100,99
19,55,142
20,148,105
20,134,8
20,4,144
21,134,111
25,84,146
25,77,144
26,154,83
26,149,8
26,154,9
30,55,22
35,2,142
35,1,146
37,84,13
41,152,16
42,112,141
44,6,105
45,112,143
45,4,99
47,154,16
48,7,99
48,78,145
51,154,139
54,43,44
55,148,22
55,5,133
57,1,99
57,21,13
57,148,99
60,106,139
61,77,72
63,43,147
64,3,141
64,100,142
66,149,83
68,71,44
68,149,8
69,149,13
70,78,127
71,112,9
72,77,72
72,134,8
73,5,16
73,21,142
76,3,22
76,71,44
79,151,12
81,3,111
86,27,14
93,71,44
96,7,50
99,55,12
99,77,50
