16,16
................
.@@.@@.@@.@@.@@.
.@@.@@.@@.@@.@@.
................
.@@.@@.@@.@@.@@.
.@@.@@.@@.@@.@@.
................
.@@.@@.@@.@@.@@.
.@@.@@.@@.@@.@@.
................
.@@.@@.@@.@@.@@.
.@@.@@.@@.@@.@@.
................
.@@.@@.@@.@@.@@.
.@@.@@.@@.@@.@@.
................
New:
60
0,134,9
1,100,139
4,7,146
6,49,141
8,150,50
10,149,11
10,106,13
10,128,9
10,154,127
11,27,141
13,49,141
14,153,12
15,7,133
15,128,105
25,77,142
26,151,105
27,151,28
27,77,44
27,149,50
30,27,13
32,4,105
33,21,12
36,7,145
38,43,141
39,71,141
43,149,105
47,77,50
50,21,147
52,5,28
53,84,146
54,134,111
57,6,56
60,1,141
61,27,50
61,148,83
62,21,145
63,148,50
63,134,139
64,148,9
65,49,14
65,134,147
67,150,72
68,149,50
71,4,105
73,152,16
74,151,9
74,151,105
77,27,50
78,55,11
82,154,50
83,4,143
88,149,12
90,150,8
91,2,99
92,49,147
92,43,14
94,112,99
94,153,44
97,43,11
99,134,9
