16,16
................
.@@.@@.@@.@@.@@.
.@@.@@.@@.@@.@@.
................
.@@.@@.@@.@@.@@.
.@@.@@.@@.@@.@@.
................
.@@.@@.@@.@@.@@.
.@@.@@.@@.@@.@@.
................
.@@.@@.@@.@@.@@.
.@@.@@.@@.@@.@@.
................
.@@.@@.@@.@@.@@.
.@@.@@.@@.@@.@@.
................
New:
68
0,4,141
1,55,72
1,49,28
1,134,14
2,112,10
4,150,133
4,106,10
8,4,141
9,2,145
10,4,111
10,7,72
12,128,14
12,151,50
12,154,50
15,150,99
17,27,22
17,1,111
18,55,12
22,148,11
22,49,14
22,112,145
24,134,12
26,1,147
29,151,28
33,4,147
34,55,10
34,43,72
35,134,105
38,27,16
40,55,44
42,84,12
46,153,56
49,5,56
50,106,111
51,153,16
51,43,28
52,49,142
53,152,16
58,153,8
59,154,139
60,78,105
61,6,105
62,77,147
63,151,16
64,55,16
71,148,56
72,21,72
73,77,9
74,5,127
75,5,141
76,100,14
79,106,127
79,5,22
79,55,144
79,151,139
79,128,11
80,55,11
81,153,139
82,106,11
84,84,105
86,134,11
86,43,146
88,2,147
89,49,28
91,49,14
97,112,13
99,49,141
99,148,50
