16,16
................
.@@.@@.@@.@@.@@.
.@@.@@.@@.@@.@@.
................
.@@.@@.@@.@@.@@.
.@@.@@.@@.@@.@@.
................
.@@.@@.@@.@@.@@.
.@@.@@.@@.@@.@@.
................
.@@.@@.@@.@@.@@.
.@@.@@.@@.@@.@@.
................
.@@.@@.@@.@@.@@.
.@@.@@.@@.@@.@@.
................
New:
66
2,27,10
5,151,139
9,154,99
10,27,13
11,149,11
11,84,146
12,153,22
14,77,141
16,150,8
17,149,8
18,151,105
18,7,147
18,151,83
19,148,139
20,134,111
26,134,139
26,27,9
28,106,145
28,77,144
32,128,8
32,106,127
33,49,143
33,150,16
35,149,50
37,134,9
38,2,50
40,151,105
41,5,127
42,84,144
43,1,16
44,55,22
45,128,9
47,78,146
48,3,28
51,27,22
55,148,14
58,148,111
59,4,147
60,49,147
62,153,13
66,153,127
66,149,56
69,154,44
70,77,56
72,3,22
72,149,16
72,77,56
74,149,13
75,21,11
76,84,12
77,77,14
81,134,133
82,7,133
83,43,50
85,150,139
85,27,56
88,150,14
89,2,144
91,150,111
92,152,83
93,5,28
94,3,16
95,2,147
95,21,72
98,7,99
98,27,147
