16,16
................
.@@.@@.@@.@@.@@.
.@@.@@.@@.@@.@@.
................
.@@.@@.@@.@@.@@.
.@@.@@.@@.@@.@@.
................
.@@.@@.@@.@@.@@.
.@@.@@.@@.@@.@@.
................
.@@.@@.@@.@@.@@.
.@@.@@.@@.@@.@@.
................
.@@.@@.@@.@@.@@.
.@@.@@.@@.@@.@@.
................
New:
64
0,112,139
2,149,8
5,128,8
5,21,11
7,150,111
9,149,56
10,148,72
11,77,144
13,148,139
17,149,16
18,106,12
18,106,145
19,151,105
20,148,13
24,77,141
26,84,12
28,3,22
28,27,9
32,7,99
33,84,144
34,148,14
37,154,99
38,153,13
42,2,144
43,3,28
45,77,56
47,152,83
48,27,22
49,4,147
51,100,99
51,150,14
51,1,16
53,150,139
55,151,105
59,5,127
62,21,72
63,3,72
64,5,28
66,106,127
72,134,139
72,77,141
73,49,44
74,27,56
75,43,50
76,77,56
77,152,44
77,151,139
77,128,9
77,153,127
80,3,16
81,151,83
85,153,22
85,148,111
87,2,147
88,150,16
91,55,22
92,27,147
93,128,9
93,7,147
94,100,111
94,154,44
95,134,133
96,134,9
97,78,146
