16,16
................
.@@.@@.@@.@@.@@.
.@@.@@.@@.@@.@@.
................
.@@.@@.@@.@@.@@.
.@@.@@.@@.@@.@@.
................
.@@.@@.@@.@@.@@.
.@@.@@.@@.@@.@@.
................
.@@.@@.@@.@@.@@.
.@@.@@.@@.@@.@@.
................
.@@.@@.@@.@@.@@.
.@@.@@.@@.@@.@@.
................
New:
62
0,152,56
0,152,105
2,112,139
3,134,142
8,151,72
10,2,44
11,3,16
15,2,56
24,4,28
24,106,99
25,154,12
28,152,16
28,6,127
33,152,139
33,128,127
35,106,139
36,149,44
36,78,8
38,77,28
39,151,14
40,4,143
40,100,142
41,150,56
42,7,44
42,128,146
45,49,72
46,5,56
47,100,105
49,4,72
50,100,105
52,106,141
55,106,111
56,5,145
57,152,72
59,100,147
60,21,142
63,2,50
63,151,10
65,5,72
67,106,142
75,3,105
76,149,8
76,148,72
77,5,111
78,134,147
79,5,144
79,27,11
79,7,141
80,2,99
82,5,142
82,149,13
83,6,50
83,112,144
84,149,111
86,4,143
88,148,105
89,43,44
92,128,99
94,78,147
95,128,146
99,134,83
99,1,99
